0.925718
0.142338
0.235328
0.209601
0.843654
0.999695
0.392438
0.297281
0.023743
0.092624
0.691183
0.726493
0.205359
0.468459
0.949156
0.108280
0.385235
0.608966
0.361339
0.225105
0.657308
0.063540
0.504807
0.949583
0.905118
0.303049
0.070376
0.683187
0.877255
0.582049
0.405591
0.568743
0.755852
0.475295
0.367809
0.035096
0.662984
0.104678
0.921384
0.345988
0.297800
0.567278
0.761315
0.397656
0.890164
0.994629
0.050508
0.194067
0.626759
0.197851
0.336314
0.733085
0.707999
0.747215
0.144475
0.061007
0.852626
0.115604
0.014252
0.454512
0.290353
0.232429
0.532579
0.160192
0.963042
0.924802
0.335948
0.995178
0.998016
0.625172
0.769066
0.201971
0.604144
0.466353
0.634724
0.828791
0.720908
0.375134
0.737907
0.905087
0.080386
0.612049
0.691122
0.149113
0.867733
0.614704
0.043214
0.976531
0.569201
0.173925
0.076601
0.820002
0.448256
0.298746
0.501205
0.323038
0.313883
0.959075
0.725028
0.943999
0.875637
0.322123
0.505051
0.290292
0.551164
0.114536
0.379131
0.793359
0.382366
0.532151
0.491501
0.496902
0.785363
0.357097
0.630848
0.374248
0.743278
0.611988
0.329844
0.639210
0.126469
0.617145
0.065950
0.624104
0.319407
0.661000
0.806879
0.611103
0.900601
0.630177
0.302286
0.225562
0.110630
0.134709
0.788110
0.789636
0.615223
0.856655
0.863582
0.249550
0.258797
0.232765
0.125095
0.080111
0.058718
0.914701
0.432783
0.837184
0.842097
0.397687
0.255135
0.945280
0.890225
0.940977
0.786157
0.142430
0.383007
0.417920
0.659932
0.064852
