0.955901
0.539354
0.462081
0.862239
0.779656
0.996796
0.611499
0.266213
0.840144
0.375866
0.677206
0.056215
0.008789
0.918790
0.275887
0.272897
0.587909
0.837611
0.484939
0.743736
0.457961
0.744438
0.599048
0.735008
0.572405
0.151555
0.425153
0.802881
0.517106
0.989990
0.751549
0.345561
0.168981
0.491897
0.699759
0.147496
0.141575
0.692892
0.426557
0.966613
0.153233
0.821680
0.191351
0.177892
0.817194
0.475265
0.155553
0.503922
0.732017
0.279580
0.682241
0.721915
0.123020
0.834681
0.517014
0.426222
0.949339
0.549547
0.471725
0.374981
0.846980
0.316874
0.456099
0.271889
0.982971
0.739189
0.195990
0.839442
0.500900
0.027467
0.572588
0.531327
0.843043
0.657613
0.842158
0.123325
0.109928
0.743126
0.314066
0.941069
0.286081
0.140263
0.834620
0.600238
0.252724
0.001617
0.806238
0.210578
0.553209
0.113773
0.752220
0.686148
0.543443
0.073885
0.436720
0.201941
0.696219
0.436689
0.577868
0.628681
0.504135
0.695761
0.189947
0.178350
0.457442
0.097507
0.094394
0.437727
0.931516
0.048433
0.894620
0.290017
0.227302
0.410718
0.628071
0.451613
0.597827
0.854793
0.624775
0.565752
0.184271
0.555132
0.242866
0.188940
0.604724
0.698508
0.584613
0.351299
0.494461
0.740745
0.620380
0.804529
0.576037
0.911557
0.727683
0.667776
0.315012
0.305826
0.108554
0.869045
0.851222
0.744316
0.154881
0.326914
0.079348
0.640980
0.545091
0.408979
0.465560
0.152654
0.737999
0.826685
0.873348
0.300058
0.127232
0.065737
0.784967
0.524583
0.609638
0.956114
0.072268
0.653859
0.104801
0.227088
0.919980
0.662801
0.492538
0.496811
0.509262
0.688162
0.606281
0.395184
0.005890
0.707877
0.100620
0.623066
0.863247
0.747337
0.380108
0.552812
0.955718
0.176580
0.131626
0.951720
0.027833
0.055910
0.131626
0.847072
0.864315
0.596881
0.721641
0.853969
0.014679
0.707907
0.217566
0.168920
0.340983
0.367565
0.802393
0.526536
0.798181
0.144810
0.402417
0.253700
0.136540
0.855190
0.066164
0.427808
0.573351
0.548051
0.311350
0.808039
0.284249
0.895230
0.743797
0.361126
0.228492
0.229438
0.542405
0.984832
0.053804
0.081423
0.524674
0.426801
0.094668
0.891537
0.146550
0.931639
0.047090
0.336406
0.398602
0.946165
0.534227
0.693533
0.259163
0.004334
0.525590
0.954802
0.398694
0.241096
0.585559
0.684011
0.435499
0.007172
0.601550
0.576678
0.222327
0.004273
0.082247
0.855098
0.811060
0.662069
0.691488
0.802698
0.530137
0.685629
